data;

param broj_grana:=38;
param N:=30;
param L1:=0.0171527;
param L2:=0.0042882;
param L:=58.3;

set FC:=
f1
;

set V:=
1
2
3
4
5
6
7
8
9
10
11
12
13
14
15
16
17
18
19
20
21
22
23
24
25
26
27
28
29
30
;

set F[f1]:=
1
2
3
4
5
6
7
8
9
10
11
12
13
14
15
16
17
18
19
20
21
22
23
24
25
26
27
28
29
30
;


set E:=
(30,1)
(6,7)
(12,13)
(18,19)
(24,25)
(10,20)
(17,29)
(3,15)
(1,2)
(1,3)
(2,3)
(2,4)
(2,5)
(3,4)
(3,5)
(4,5)
(4,6)
(5,6)
(7,8)
(7,9)
(8,9)
(8,10)
(8,11)
(9,10)
(9,11)
(10,11)
(10,12)
(11,12)
(13,14)
(13,15)
(14,15)
(14,16)
(14,17)
(15,16)
(15,17)
(16,17)
(16,18)
(17,18)
(19,20)
(19,21)
(20,21)
(20,22)
(20,23)
(21,22)
(21,23)
(22,23)
(22,24)
(23,24)
(25,26)
(25,27)
(26,27)
(26,28)
(26,29)
(27,28)
(27,29)
(28,29)
(28,30)
(29,30)
;

param b:=
[30,1]	1.0
[6,7]	1.0
[12,13]	1.0
[18,19]	1.0
[24,25]	1.0
[10,20]	1.0
[17,29]	1.0
[3,15]	1.0
[1,2]	0.96
[1,3]	0.98
[2,3]	1.03
[2,4]	1.04
[2,5]	1.03
[3,4]	1.03
[3,5]	1.02
[4,5]	1.03
[4,6]	0.96
[5,6]	0.98
[7,8]	0.96
[7,9]	0.98
[8,9]	1.03
[8,10]	1.04
[8,11]	1.03
[9,10]	1.03
[9,11]	1.02
[10,11]	1.03
[10,12]	0.96
[11,12]	0.98
[13,14]	0.96
[13,15]	0.98
[14,15]	1.03
[14,16]	1.04
[14,17]	1.03
[15,16]	1.03
[15,17]	1.02
[16,17]	1.03
[16,18]	0.96
[17,18]	0.98
[19,20]	0.96
[19,21]	0.98
[20,21]	1.03
[20,22]	1.04
[20,23]	1.03
[21,22]	1.03
[21,23]	1.02
[22,23]	1.03
[22,24]	0.96
[23,24]	0.98
[25,26]	0.96
[25,27]	0.98
[26,27]	1.03
[26,28]	1.04
[26,29]	1.03
[27,28]	1.03
[27,29]	1.02
[28,29]	1.03
[28,30]	0.96
[29,30]	0.98
;

param d:=
1	2.94
2	4.06
3	5.06
4	4.06
5	4.06
6	2.94
7	2.94
8	4.06
9	4.06
10	5.06
11	4.06
12	2.94
13	2.94
14	4.06
15	5.06
16	4.06
17	5.06
18	2.94
19	2.94
20	5.06
21	4.06
22	4.06
23	4.06
24	2.94
25	2.94
26	4.06
27	4.06
28	4.06
29	5.06
30	2.94
;

end;
