data;

param broj_grana:=38;
param N:=30;
param L1:=0.0731529;
param L2:=0.0182882;
param L:=13.67;

set FC:=
f1
;

set V:=
1
2
3
4
5
6
7
8
9
10
11
12
13
14
15
16
17
18
19
20
21
22
23
24
25
26
27
28
29
30
;

set F[f1]:=
1
2
3
4
5
6
7
8
9
10
11
12
13
14
15
16
17
18
19
20
21
22
23
24
25
26
27
28
29
30
;


set E:=
(30,1)
(6,7)
(12,13)
(18,19)
(24,25)
(10,20)
(17,29)
(3,15)
(1,2)
(1,3)
(2,3)
(2,4)
(2,5)
(3,4)
(3,5)
(4,5)
(4,6)
(5,6)
(7,8)
(7,9)
(8,9)
(8,10)
(8,11)
(9,10)
(9,11)
(10,11)
(10,12)
(11,12)
(13,14)
(13,15)
(14,15)
(14,16)
(14,17)
(15,16)
(15,17)
(16,17)
(16,18)
(17,18)
(19,20)
(19,21)
(20,21)
(20,22)
(20,23)
(21,22)
(21,23)
(22,23)
(22,24)
(23,24)
(25,26)
(25,27)
(26,27)
(26,28)
(26,29)
(27,28)
(27,29)
(28,29)
(28,30)
(29,30)
;

param b:=
[30,1]	0.18
[6,7]	0.16
[12,13]	0.2
[18,19]	0.3
[24,25]	0.34
[10,20]	0.12
[17,29]	0.07
[3,15]	0.5
[1,2]	0.05
[1,3]	0.35
[2,3]	0.31
[2,4]	0.42
[2,5]	0.3
[3,4]	0.21
[3,5]	0.16
[4,5]	0.13
[4,6]	0.07
[5,6]	0.29
[7,8]	0.08
[7,9]	0.2
[8,9]	0.06
[8,10]	0.38
[8,11]	0.27
[9,10]	0.3
[9,11]	0.31
[10,11]	0.25
[10,12]	0.29
[11,12]	0.48
[13,14]	0.16
[13,15]	0.23
[14,15]	0.4
[14,16]	0.05
[14,17]	0.41
[15,16]	0.22
[15,17]	0.16
[16,17]	0.08
[16,18]	0.2
[17,18]	0.35
[19,20]	0.17
[19,21]	0.02
[20,21]	0.14
[20,22]	0.15
[20,23]	0.37
[21,22]	0.45
[21,23]	0.21
[22,23]	0.18
[22,24]	0.04
[23,24]	0.21
[25,26]	0.48
[25,27]	0.07
[26,27]	0.3
[26,28]	0.42
[26,29]	0.16
[27,28]	0.43
[27,29]	0.01
[28,29]	0.31
[28,30]	0.09
[29,30]	0.42
;

param d:=
1	0.58
2	1.08
3	1.53
4	0.83
5	0.88
6	0.52
7	0.44
8	0.79
9	0.87
10	1.34
11	1.31
12	0.97
13	0.59
14	1.02
15	1.51
16	0.55
17	1.07
18	0.85
19	0.49
20	0.95
21	0.82
22	0.82
23	0.97
24	0.59
25	0.89
26	1.36
27	0.81
28	1.25
29	0.97
30	0.69
;

end;
