data;

param broj_grana:=38;
param N:=30;
param L1:=0.0869565;
param L2:=0.0217391;
param L:=11.5;

set FC:=
f1
;

set V:=
1
2
3
4
5
6
7
8
9
10
11
12
13
14
15
16
17
18
19
20
21
22
23
24
25
26
27
28
29
30
;

set F[f1]:=
1
2
3
4
5
6
7
8
9
10
11
12
13
14
15
16
17
18
19
20
21
22
23
24
25
26
27
28
29
30
;


set E:=
(30,1)
(6,7)
(12,13)
(18,19)
(24,25)
(10,20)
(17,29)
(3,15)
(1,2)
(1,3)
(2,3)
(2,4)
(2,5)
(3,4)
(3,5)
(4,5)
(4,6)
(5,6)
(7,8)
(7,9)
(8,9)
(8,10)
(8,11)
(9,10)
(9,11)
(10,11)
(10,12)
(11,12)
(13,14)
(13,15)
(14,15)
(14,16)
(14,17)
(15,16)
(15,17)
(16,17)
(16,18)
(17,18)
(19,20)
(19,21)
(20,21)
(20,22)
(20,23)
(21,22)
(21,23)
(22,23)
(22,24)
(23,24)
(25,26)
(25,27)
(26,27)
(26,28)
(26,29)
(27,28)
(27,29)
(28,29)
(28,30)
(29,30)
;

param b:=
[30,1]	0.32
[6,7]	0.18
[12,13]	0.21
[18,19]	0.27
[24,25]	0.02
[10,20]	0.43
[17,29]	0.17
[3,15]	0.21
[1,2]	0.09
[1,3]	0.04
[2,3]	0.05
[2,4]	0.1
[2,5]	0.11
[3,4]	0.39
[3,5]	0.38
[4,5]	0.36
[4,6]	0.5
[5,6]	0.14
[7,8]	0.22
[7,9]	0.13
[8,9]	0.33
[8,10]	0.08
[8,11]	0.26
[9,10]	0.05
[9,11]	0.22
[10,11]	0.25
[10,12]	0.06
[11,12]	0.09
[13,14]	0.04
[13,15]	0.37
[14,15]	0.02
[14,16]	0.39
[14,17]	0.32
[15,16]	0.14
[15,17]	0.08
[16,17]	0.29
[16,18]	0.19
[17,18]	0.21
[19,20]	0.09
[19,21]	0.35
[20,21]	0.12
[20,22]	0.08
[20,23]	0.2
[21,22]	0.09
[21,23]	0.25
[22,23]	0.42
[22,24]	0.29
[23,24]	0.11
[25,26]	0.07
[25,27]	0.17
[26,27]	0.23
[26,28]	0.02
[26,29]	0.44
[27,28]	0.22
[27,29]	0.34
[28,29]	0.07
[28,30]	0.18
[29,30]	0.05
;

param d:=
1	0.45
2	0.35
3	1.07
4	1.35
5	0.99
6	0.82
7	0.53
8	0.89
9	0.73
10	0.87
11	0.82
12	0.36
13	0.62
14	0.77
15	0.82
16	1.01
17	1.07
18	0.67
19	0.71
20	0.92
21	0.81
22	0.88
23	0.98
24	0.42
25	0.26
26	0.76
27	0.96
28	0.49
29	1.07
30	0.55
;

end;
