data;

param broj_grana:=38;
param N:=30;
param L1:=0.0854701;
param L2:=0.0213675;
param L:=11.7;

set FC:=
f1
;

set V:=
1
2
3
4
5
6
7
8
9
10
11
12
13
14
15
16
17
18
19
20
21
22
23
24
25
26
27
28
29
30
;

set F[f1]:=
1
2
3
4
5
6
7
8
9
10
11
12
13
14
15
16
17
18
19
20
21
22
23
24
25
26
27
28
29
30
;


set E:=
(30,1)
(6,7)
(12,13)
(18,19)
(24,25)
(10,20)
(17,29)
(3,15)
(1,2)
(1,3)
(2,3)
(2,4)
(2,5)
(3,4)
(3,5)
(4,5)
(4,6)
(5,6)
(7,8)
(7,9)
(8,9)
(8,10)
(8,11)
(9,10)
(9,11)
(10,11)
(10,12)
(11,12)
(13,14)
(13,15)
(14,15)
(14,16)
(14,17)
(15,16)
(15,17)
(16,17)
(16,18)
(17,18)
(19,20)
(19,21)
(20,21)
(20,22)
(20,23)
(21,22)
(21,23)
(22,23)
(22,24)
(23,24)
(25,26)
(25,27)
(26,27)
(26,28)
(26,29)
(27,28)
(27,29)
(28,29)
(28,30)
(29,30)
;

param b:=
[30,1]	0.43
[6,7]	0.08
[12,13]	0.37
[18,19]	0.19
[24,25]	0.42
[10,20]	0.36
[17,29]	0.12
[3,15]	0.03
[1,2]	0.38
[1,3]	0.18
[2,3]	0.02
[2,4]	0.13
[2,5]	0.12
[3,4]	0.08
[3,5]	0.04
[4,5]	0.03
[4,6]	0.08
[5,6]	0.01
[7,8]	0.05
[7,9]	0.2
[8,9]	0.19
[8,10]	0.11
[8,11]	0.06
[9,10]	0.45
[9,11]	0.33
[10,11]	0.19
[10,12]	0.16
[11,12]	0.34
[13,14]	0.26
[13,15]	0.09
[14,15]	0.42
[14,16]	0.08
[14,17]	0.08
[15,16]	0.44
[15,17]	0.41
[16,17]	0.23
[16,18]	0.03
[17,18]	0.3
[19,20]	0.15
[19,21]	0.06
[20,21]	0.29
[20,22]	0.25
[20,23]	0.02
[21,22]	0.35
[21,23]	0.34
[22,23]	0.05
[22,24]	0.14
[23,24]	0.24
[25,26]	0.33
[25,27]	0.5
[26,27]	0.02
[26,28]	0.2
[26,29]	0.29
[27,28]	0.02
[27,29]	0.2
[28,29]	0.37
[28,30]	0.09
[29,30]	0.3
;

param d:=
1	0.99
2	0.65
3	0.35
4	0.32
5	0.2
6	0.17
7	0.33
8	0.41
9	1.17
10	1.27
11	0.92
12	0.87
13	0.72
14	0.84
15	1.39
16	0.78
17	1.14
18	0.52
19	0.4
20	1.07
21	1.04
22	0.79
23	0.65
24	0.8
25	1.25
26	0.84
27	0.74
28	0.68
29	1.28
30	0.82
;

end;
