data;

param broj_grana:=38;
param N:=30;
param L1:=0.097371;
param L2:=0.0243427;
param L:=10.27;

set FC:=
f1
;

set V:=
1
2
3
4
5
6
7
8
9
10
11
12
13
14
15
16
17
18
19
20
21
22
23
24
25
26
27
28
29
30
;

set F[f1]:=
1
2
3
4
5
6
7
8
9
10
11
12
13
14
15
16
17
18
19
20
21
22
23
24
25
26
27
28
29
30
;


set E:=
(30,1)
(6,7)
(12,13)
(18,19)
(24,25)
(10,20)
(17,29)
(3,15)
(1,2)
(1,3)
(2,3)
(2,4)
(2,5)
(3,4)
(3,5)
(4,5)
(4,6)
(5,6)
(7,8)
(7,9)
(8,9)
(8,10)
(8,11)
(9,10)
(9,11)
(10,11)
(10,12)
(11,12)
(13,14)
(13,15)
(14,15)
(14,16)
(14,17)
(15,16)
(15,17)
(16,17)
(16,18)
(17,18)
(19,20)
(19,21)
(20,21)
(20,22)
(20,23)
(21,22)
(21,23)
(22,23)
(22,24)
(23,24)
(25,26)
(25,27)
(26,27)
(26,28)
(26,29)
(27,28)
(27,29)
(28,29)
(28,30)
(29,30)
;

param b:=
[30,1]	0.05
[6,7]	0.42
[12,13]	0.22
[18,19]	0.12
[24,25]	0.08
[10,20]	0.07
[17,29]	0.39
[3,15]	0.09
[1,2]	0.41
[1,3]	0.35
[2,3]	0.13
[2,4]	0.02
[2,5]	0.16
[3,4]	0.09
[3,5]	0.02
[4,5]	0.2
[4,6]	0.17
[5,6]	0.29
[7,8]	0.12
[7,9]	0.08
[8,9]	0.15
[8,10]	0.42
[8,11]	0.03
[9,10]	0.09
[9,11]	0.02
[10,11]	0.32
[10,12]	0.26
[11,12]	0.06
[13,14]	0.27
[13,15]	0.12
[14,15]	0.08
[14,16]	0.41
[14,17]	0.07
[15,16]	0.04
[15,17]	0.24
[16,17]	0.18
[16,18]	0.12
[17,18]	0.04
[19,20]	0.35
[19,21]	0.31
[20,21]	0.38
[20,22]	0.2
[20,23]	0.33
[21,22]	0.08
[21,23]	0.11
[22,23]	0.23
[22,24]	0.21
[23,24]	0.04
[25,26]	0.05
[25,27]	0.1
[26,27]	0.18
[26,28]	0.28
[26,29]	0.04
[27,28]	0.21
[27,29]	0.08
[28,29]	0.17
[28,30]	0.47
[29,30]	0.05
;

param d:=
1	0.81
2	0.72
3	0.68
4	0.48
5	0.67
6	0.88
7	0.62
8	0.72
9	0.34
10	1.16
11	0.43
12	0.54
13	0.61
14	0.83
15	0.57
16	0.75
17	0.92
18	0.28
19	0.78
20	1.33
21	0.88
22	0.72
23	0.71
24	0.33
25	0.23
26	0.55
27	0.57
28	1.13
29	0.73
30	0.57
;

end;
