data;

param broj_grana:=38;
param N:=30;
param L1:=0.0886368;
param L2:=0.0221592;
param L:=11.282;

set FC:=
f1
;

set V:=
1
2
3
4
5
6
7
8
9
10
11
12
13
14
15
16
17
18
19
20
21
22
23
24
25
26
27
28
29
30
;

set F[f1]:=
1
2
3
4
5
6
7
8
9
10
11
12
13
14
15
16
17
18
19
20
21
22
23
24
25
26
27
28
29
30
;


set E:=
(30,1)
(6,7)
(12,13)
(18,19)
(24,25)
(10,20)
(17,29)
(3,15)
(1,2)
(1,3)
(2,3)
(2,4)
(2,5)
(3,4)
(3,5)
(4,5)
(4,6)
(5,6)
(7,8)
(7,9)
(8,9)
(8,10)
(8,11)
(9,10)
(9,11)
(10,11)
(10,12)
(11,12)
(13,14)
(13,15)
(14,15)
(14,16)
(14,17)
(15,16)
(15,17)
(16,17)
(16,18)
(17,18)
(19,20)
(19,21)
(20,21)
(20,22)
(20,23)
(21,22)
(21,23)
(22,23)
(22,24)
(23,24)
(25,26)
(25,27)
(26,27)
(26,28)
(26,29)
(27,28)
(27,29)
(28,29)
(28,30)
(29,30)
;

param b:=
[30,1]	0.02
[6,7]	0.17
[12,13]	0.008
[18,19]	0.114
[24,25]	0.136
[10,20]	0.015
[17,29]	0.252
[3,15]	0.173
[1,2]	0.027
[1,3]	0.059
[2,3]	0.525
[2,4]	0.37
[2,5]	0.343
[3,4]	0.258
[3,5]	0.422
[4,5]	0.306
[4,6]	0.147
[5,6]	0.251
[7,8]	0.497
[7,9]	0.369
[8,9]	0.305
[8,10]	0.056
[8,11]	0.419
[9,10]	0.133
[9,11]	0.151
[10,11]	0.026
[10,12]	0.187
[11,12]	0.008
[13,14]	0.223
[13,15]	0.168
[14,15]	0.108
[14,16]	0.112
[14,17]	0.155
[15,16]	0.192
[15,17]	0.127
[16,17]	0.251
[16,18]	0.435
[17,18]	0.075
[19,20]	0.199
[19,21]	0.238
[20,21]	0.099
[20,22]	0.368
[20,23]	0.12
[21,22]	0.061
[21,23]	0.116
[22,23]	0.155
[22,24]	0.289
[23,24]	0.381
[25,26]	0.037
[25,27]	0.145
[26,27]	0.309
[26,28]	0.125
[26,29]	0.101
[27,28]	0.16
[27,29]	0.399
[28,29]	0.098
[28,30]	0.131
[29,30]	0.158
;

param d:=
1	0.11
2	1.27
3	1.44
4	1.08
5	1.32
6	0.57
7	1.04
8	1.28
9	0.96
10	0.42
11	0.6
12	0.2
13	0.4
14	0.6
15	0.77
16	0.99
17	0.86
18	0.62
19	0.55
20	0.8
21	0.51
22	0.87
23	0.77
24	0.81
25	0.32
26	0.57
27	1.01
28	0.51
29	1.01
30	0.31
;

end;
