data;

param broj_grana:=38;
param N:=30;
param L1:=0.0862813;
param L2:=0.0215703;
param L:=11.59;

set FC:=
f1
;

set V:=
1
2
3
4
5
6
7
8
9
10
11
12
13
14
15
16
17
18
19
20
21
22
23
24
25
26
27
28
29
30
;

set F[f1]:=
1
2
3
4
5
6
7
8
9
10
11
12
13
14
15
16
17
18
19
20
21
22
23
24
25
26
27
28
29
30
;


set E:=
(30,1)
(6,7)
(12,13)
(18,19)
(24,25)
(10,20)
(17,29)
(3,15)
(1,2)
(1,3)
(2,3)
(2,4)
(2,5)
(3,4)
(3,5)
(4,5)
(4,6)
(5,6)
(7,8)
(7,9)
(8,9)
(8,10)
(8,11)
(9,10)
(9,11)
(10,11)
(10,12)
(11,12)
(13,14)
(13,15)
(14,15)
(14,16)
(14,17)
(15,16)
(15,17)
(16,17)
(16,18)
(17,18)
(19,20)
(19,21)
(20,21)
(20,22)
(20,23)
(21,22)
(21,23)
(22,23)
(22,24)
(23,24)
(25,26)
(25,27)
(26,27)
(26,28)
(26,29)
(27,28)
(27,29)
(28,29)
(28,30)
(29,30)
;

param b:=
[30,1]	0.38
[6,7]	0.13
[12,13]	0.29
[18,19]	0.23
[24,25]	0.22
[10,20]	0.4
[17,29]	0.14
[3,15]	0.12
[1,2]	0.24
[1,3]	0.11
[2,3]	0.04
[2,4]	0.12
[2,5]	0.11
[3,4]	0.24
[3,5]	0.21
[4,5]	0.2
[4,6]	0.29
[5,6]	0.07
[7,8]	0.13
[7,9]	0.17
[8,9]	0.26
[8,10]	0.09
[8,11]	0.16
[9,10]	0.25
[9,11]	0.27
[10,11]	0.22
[10,12]	0.11
[11,12]	0.22
[13,14]	0.15
[13,15]	0.23
[14,15]	0.22
[14,16]	0.23
[14,17]	0.2
[15,16]	0.29
[15,17]	0.24
[16,17]	0.26
[16,18]	0.11
[17,18]	0.26
[19,20]	0.12
[19,21]	0.21
[20,21]	0.21
[20,22]	0.16
[20,23]	0.11
[21,22]	0.22
[21,23]	0.29
[22,23]	0.24
[22,24]	0.21
[23,24]	0.17
[25,26]	0.2
[25,27]	0.33
[26,27]	0.12
[26,28]	0.11
[26,29]	0.36
[27,28]	0.12
[27,29]	0.27
[28,29]	0.22
[28,30]	0.13
[29,30]	0.18
;

param d:=
1	0.73
2	0.51
3	0.72
4	0.85
5	0.59
6	0.49
7	0.43
8	0.64
9	0.95
10	1.07
11	0.87
12	0.62
13	0.67
14	0.8
15	1.1
16	0.89
17	1.1
18	0.6
19	0.56
20	1.0
21	0.93
22	0.83
23	0.81
24	0.6
25	0.75
26	0.79
27	0.84
28	0.58
29	1.17
30	0.69
;

end;
