data;

param broj_grana:=38;
param N:=30;
param L1:=0.0931099;
param L2:=0.0232775;
param L:=10.74;

set FC:=
f1
;

set V:=
1
2
3
4
5
6
7
8
9
10
11
12
13
14
15
16
17
18
19
20
21
22
23
24
25
26
27
28
29
30
;

set F[f1]:=
1
2
3
4
5
6
7
8
9
10
11
12
13
14
15
16
17
18
19
20
21
22
23
24
25
26
27
28
29
30
;


set E:=
(30,1)
(6,7)
(12,13)
(18,19)
(24,25)
(10,20)
(17,29)
(3,15)
(1,2)
(1,3)
(2,3)
(2,4)
(2,5)
(3,4)
(3,5)
(4,5)
(4,6)
(5,6)
(7,8)
(7,9)
(8,9)
(8,10)
(8,11)
(9,10)
(9,11)
(10,11)
(10,12)
(11,12)
(13,14)
(13,15)
(14,15)
(14,16)
(14,17)
(15,16)
(15,17)
(16,17)
(16,18)
(17,18)
(19,20)
(19,21)
(20,21)
(20,22)
(20,23)
(21,22)
(21,23)
(22,23)
(22,24)
(23,24)
(25,26)
(25,27)
(26,27)
(26,28)
(26,29)
(27,28)
(27,29)
(28,29)
(28,30)
(29,30)
;

param b:=
[30,1]	0.04
[6,7]	0.29
[12,13]	0.11
[18,19]	0.12
[24,25]	0.11
[10,20]	0.04
[17,29]	0.32
[3,15]	0.13
[1,2]	0.22
[1,3]	0.21
[2,3]	0.33
[2,4]	0.2
[2,5]	0.25
[3,4]	0.17
[3,5]	0.22
[4,5]	0.25
[4,6]	0.16
[5,6]	0.27
[7,8]	0.31
[7,9]	0.22
[8,9]	0.23
[8,10]	0.24
[8,11]	0.22
[9,10]	0.11
[9,11]	0.08
[10,11]	0.17
[10,12]	0.22
[11,12]	0.03
[13,14]	0.25
[13,15]	0.14
[14,15]	0.09
[14,16]	0.26
[14,17]	0.11
[15,16]	0.12
[15,17]	0.19
[16,17]	0.22
[16,18]	0.28
[17,18]	0.06
[19,20]	0.28
[19,21]	0.27
[20,21]	0.24
[20,22]	0.28
[20,23]	0.22
[21,22]	0.07
[21,23]	0.11
[22,23]	0.19
[22,24]	0.25
[23,24]	0.21
[25,26]	0.04
[25,27]	0.12
[26,27]	0.24
[26,28]	0.2
[26,29]	0.07
[27,28]	0.18
[27,29]	0.24
[28,29]	0.14
[28,30]	0.3
[29,30]	0.1
;

param d:=
1	0.47
2	1.0
3	1.06
4	0.78
5	0.99
6	0.72
7	0.82
8	1.0
9	0.64
10	0.78
11	0.5
12	0.36
13	0.5
14	0.71
15	0.67
16	0.88
17	0.9
18	0.46
19	0.67
20	1.06
21	0.69
22	0.79
23	0.73
24	0.57
25	0.27
26	0.55
27	0.78
28	0.82
29	0.87
30	0.44
;

end;
