data;

param broj_grana:=38;
param N:=30;
param L1:=0.0223964;
param L2:=0.0055991;
param L:=44.65;

set FC:=
f1
;

set V:=
1
2
3
4
5
6
7
8
9
10
11
12
13
14
15
16
17
18
19
20
21
22
23
24
25
26
27
28
29
30
;

set F[f1]:=
1
2
3
4
5
6
7
8
9
10
11
12
13
14
15
16
17
18
19
20
21
22
23
24
25
26
27
28
29
30
;


set E:=
(30,1)
(6,7)
(12,13)
(18,19)
(24,25)
(10,20)
(17,29)
(3,15)
(1,2)
(1,3)
(2,3)
(2,4)
(2,5)
(3,4)
(3,5)
(4,5)
(4,6)
(5,6)
(7,8)
(7,9)
(8,9)
(8,10)
(8,11)
(9,10)
(9,11)
(10,11)
(10,12)
(11,12)
(13,14)
(13,15)
(14,15)
(14,16)
(14,17)
(15,16)
(15,17)
(16,17)
(16,18)
(17,18)
(19,20)
(19,21)
(20,21)
(20,22)
(20,23)
(21,22)
(21,23)
(22,23)
(22,24)
(23,24)
(25,26)
(25,27)
(26,27)
(26,28)
(26,29)
(27,28)
(27,29)
(28,29)
(28,30)
(29,30)
;

param b:=
[30,1]	0.82
[6,7]	0.84
[12,13]	0.8
[18,19]	0.7
[24,25]	0.66
[10,20]	0.88
[17,29]	0.93
[3,15]	0.5
[1,2]	0.91
[1,3]	0.63
[2,3]	0.73
[2,4]	0.62
[2,5]	0.73
[3,4]	0.82
[3,5]	0.86
[4,5]	0.9
[4,6]	0.89
[5,6]	0.69
[7,8]	0.88
[7,9]	0.78
[8,9]	0.97
[8,10]	0.66
[8,11]	0.76
[9,10]	0.73
[9,11]	0.71
[10,11]	0.78
[10,12]	0.67
[11,12]	0.5
[13,14]	0.8
[13,15]	0.75
[14,15]	0.63
[14,16]	0.99
[14,17]	0.62
[15,16]	0.81
[15,17]	0.86
[16,17]	0.95
[16,18]	0.76
[17,18]	0.63
[19,20]	0.79
[19,21]	0.96
[20,21]	0.89
[20,22]	0.89
[20,23]	0.66
[21,22]	0.58
[21,23]	0.81
[22,23]	0.85
[22,24]	0.92
[23,24]	0.77
[25,26]	0.49
[25,27]	0.91
[26,27]	0.73
[26,28]	0.62
[26,29]	0.87
[27,28]	0.6
[27,29]	1.01
[28,29]	0.72
[28,30]	0.87
[29,30]	0.56
;

param d:=
1	2.36
2	2.99
3	3.54
4	3.23
5	3.18
6	2.42
7	2.5
8	3.27
9	3.19
10	3.72
11	2.75
12	1.97
13	2.35
14	3.04
15	3.55
16	3.51
17	3.99
18	2.09
19	2.45
20	4.11
21	3.24
22	3.24
23	3.09
24	2.35
25	2.06
26	2.71
27	3.25
28	2.81
29	4.09
30	2.25
;

end;
