data;

param broj_grana:=38;
param N:=30;
param L1:=0.0213538;
param L2:=0.0053385;
param L:=46.83;

set FC:=
f1
;

set V:=
1
2
3
4
5
6
7
8
9
10
11
12
13
14
15
16
17
18
19
20
21
22
23
24
25
26
27
28
29
30
;

set F[f1]:=
1
2
3
4
5
6
7
8
9
10
11
12
13
14
15
16
17
18
19
20
21
22
23
24
25
26
27
28
29
30
;


set E:=
(30,1)
(6,7)
(12,13)
(18,19)
(24,25)
(10,20)
(17,29)
(3,15)
(1,2)
(1,3)
(2,3)
(2,4)
(2,5)
(3,4)
(3,5)
(4,5)
(4,6)
(5,6)
(7,8)
(7,9)
(8,9)
(8,10)
(8,11)
(9,10)
(9,11)
(10,11)
(10,12)
(11,12)
(13,14)
(13,15)
(14,15)
(14,16)
(14,17)
(15,16)
(15,17)
(16,17)
(16,18)
(17,18)
(19,20)
(19,21)
(20,21)
(20,22)
(20,23)
(21,22)
(21,23)
(22,23)
(22,24)
(23,24)
(25,26)
(25,27)
(26,27)
(26,28)
(26,29)
(27,28)
(27,29)
(28,29)
(28,30)
(29,30)
;

param b:=
[30,1]	0.68
[6,7]	0.82
[12,13]	0.79
[18,19]	0.73
[24,25]	0.98
[10,20]	0.57
[17,29]	0.83
[3,15]	0.79
[1,2]	0.87
[1,3]	0.94
[2,3]	0.98
[2,4]	0.94
[2,5]	0.92
[3,4]	0.64
[3,5]	0.64
[4,5]	0.67
[4,6]	0.46
[5,6]	0.84
[7,8]	0.74
[7,9]	0.85
[8,9]	0.7
[8,10]	0.96
[8,11]	0.77
[9,10]	0.98
[9,11]	0.8
[10,11]	0.78
[10,12]	0.9
[11,12]	0.89
[13,14]	0.92
[13,15]	0.61
[14,15]	1.01
[14,16]	0.65
[14,17]	0.71
[15,16]	0.89
[15,17]	0.94
[16,17]	0.74
[16,18]	0.77
[17,18]	0.77
[19,20]	0.87
[19,21]	0.63
[20,21]	0.91
[20,22]	0.96
[20,23]	0.83
[21,22]	0.94
[21,23]	0.78
[22,23]	0.61
[22,24]	0.68
[23,24]	0.87
[25,26]	0.89
[25,27]	0.81
[26,27]	0.8
[26,28]	1.02
[26,29]	0.59
[27,28]	0.81
[27,29]	0.69
[28,29]	0.96
[28,30]	0.78
[29,30]	0.93
;

param d:=
1	2.49
2	3.71
3	3.99
4	2.71
5	3.07
6	2.12
7	2.41
8	3.17
9	3.33
10	4.19
11	3.24
12	2.58
13	2.32
14	3.29
15	4.24
16	3.05
17	3.99
18	2.27
19	2.23
20	4.14
21	3.26
22	3.19
23	3.09
24	2.53
25	2.68
26	3.3
27	3.11
28	3.57
29	4.0
30	2.39
;

end;
