data;

param broj_grana:=38;
param N:=30;
param L1:=0.021427;
param L2:=0.0053568;
param L:=46.67;

set FC:=
f1
;

set V:=
1
2
3
4
5
6
7
8
9
10
11
12
13
14
15
16
17
18
19
20
21
22
23
24
25
26
27
28
29
30
;

set F[f1]:=
1
2
3
4
5
6
7
8
9
10
11
12
13
14
15
16
17
18
19
20
21
22
23
24
25
26
27
28
29
30
;


set E:=
(30,1)
(6,7)
(12,13)
(18,19)
(24,25)
(10,20)
(17,29)
(3,15)
(1,2)
(1,3)
(2,3)
(2,4)
(2,5)
(3,4)
(3,5)
(4,5)
(4,6)
(5,6)
(7,8)
(7,9)
(8,9)
(8,10)
(8,11)
(9,10)
(9,11)
(10,11)
(10,12)
(11,12)
(13,14)
(13,15)
(14,15)
(14,16)
(14,17)
(15,16)
(15,17)
(16,17)
(16,18)
(17,18)
(19,20)
(19,21)
(20,21)
(20,22)
(20,23)
(21,22)
(21,23)
(22,23)
(22,24)
(23,24)
(25,26)
(25,27)
(26,27)
(26,28)
(26,29)
(27,28)
(27,29)
(28,29)
(28,30)
(29,30)
;

param b:=
[30,1]	0.57
[6,7]	0.92
[12,13]	0.63
[18,19]	0.81
[24,25]	0.58
[10,20]	0.64
[17,29]	0.88
[3,15]	0.97
[1,2]	0.58
[1,3]	0.8
[2,3]	1.01
[2,4]	0.91
[2,5]	0.91
[3,4]	0.95
[3,5]	0.98
[4,5]	1.0
[4,6]	0.88
[5,6]	0.98
[7,8]	0.92
[7,9]	0.78
[8,9]	0.85
[8,10]	0.93
[8,11]	0.97
[9,10]	0.58
[9,11]	0.69
[10,11]	0.84
[10,12]	0.8
[11,12]	0.64
[13,14]	0.7
[13,15]	0.89
[14,15]	0.61
[14,16]	0.96
[14,17]	0.95
[15,16]	0.59
[15,17]	0.61
[16,17]	0.8
[16,18]	0.93
[17,18]	0.68
[19,20]	0.81
[19,21]	0.92
[20,21]	0.74
[20,22]	0.79
[20,23]	1.01
[21,22]	0.69
[21,23]	0.69
[22,23]	0.98
[22,24]	0.83
[23,24]	0.74
[25,26]	0.63
[25,27]	0.48
[26,27]	1.01
[26,28]	0.84
[26,29]	0.75
[27,28]	1.01
[27,29]	0.82
[28,29]	0.66
[28,30]	0.87
[29,30]	0.68
;

param d:=
1	1.95
2	3.41
3	4.71
4	3.74
5	3.87
6	2.78
7	2.62
8	3.67
9	2.9
10	3.79
11	3.14
12	2.07
13	2.22
14	3.22
15	3.67
16	3.28
17	3.92
18	2.42
19	2.54
20	3.99
21	3.04
22	3.29
23	3.42
24	2.15
25	1.69
26	3.23
27	3.32
28	3.38
29	3.79
30	2.12
;

end;
