data;

param broj_grana:=38;
param N:=30;
param L1:=0.020803;
param L2:=0.0052007;
param L:=48.07;

set FC:=
f1
;

set V:=
1
2
3
4
5
6
7
8
9
10
11
12
13
14
15
16
17
18
19
20
21
22
23
24
25
26
27
28
29
30
;

set F[f1]:=
1
2
3
4
5
6
7
8
9
10
11
12
13
14
15
16
17
18
19
20
21
22
23
24
25
26
27
28
29
30
;


set E:=
(30,1)
(6,7)
(12,13)
(18,19)
(24,25)
(10,20)
(17,29)
(3,15)
(1,2)
(1,3)
(2,3)
(2,4)
(2,5)
(3,4)
(3,5)
(4,5)
(4,6)
(5,6)
(7,8)
(7,9)
(8,9)
(8,10)
(8,11)
(9,10)
(9,11)
(10,11)
(10,12)
(11,12)
(13,14)
(13,15)
(14,15)
(14,16)
(14,17)
(15,16)
(15,17)
(16,17)
(16,18)
(17,18)
(19,20)
(19,21)
(20,21)
(20,22)
(20,23)
(21,22)
(21,23)
(22,23)
(22,24)
(23,24)
(25,26)
(25,27)
(26,27)
(26,28)
(26,29)
(27,28)
(27,29)
(28,29)
(28,30)
(29,30)
;

param b:=
[30,1]	0.95
[6,7]	0.58
[12,13]	0.79
[18,19]	0.88
[24,25]	0.92
[10,20]	0.93
[17,29]	0.61
[3,15]	0.91
[1,2]	0.55
[1,3]	0.63
[2,3]	0.9
[2,4]	1.02
[2,5]	0.87
[3,4]	0.94
[3,5]	1.0
[4,5]	0.83
[4,6]	0.79
[5,6]	0.69
[7,8]	0.84
[7,9]	0.9
[8,9]	0.88
[8,10]	0.62
[8,11]	1.0
[9,10]	0.94
[9,11]	1.0
[10,11]	0.71
[10,12]	0.7
[11,12]	0.92
[13,14]	0.69
[13,15]	0.86
[14,15]	0.95
[14,16]	0.63
[14,17]	0.96
[15,16]	0.99
[15,17]	0.78
[16,17]	0.85
[16,18]	0.84
[17,18]	0.94
[19,20]	0.61
[19,21]	0.67
[20,21]	0.65
[20,22]	0.84
[20,23]	0.7
[21,22]	0.95
[21,23]	0.91
[22,23]	0.81
[22,24]	0.75
[23,24]	0.94
[25,26]	0.91
[25,27]	0.89
[26,27]	0.85
[26,28]	0.76
[26,29]	0.99
[27,28]	0.83
[27,29]	0.94
[28,29]	0.86
[28,30]	0.49
[29,30]	0.93
;

param d:=
1	2.13
2	3.34
3	4.38
4	3.58
5	3.39
6	2.06
7	2.32
8	3.34
9	3.72
10	3.9
11	3.63
12	2.41
13	2.34
14	3.23
15	4.49
16	3.31
17	4.14
18	2.66
19	2.16
20	3.73
21	3.18
22	3.35
23	3.36
24	2.61
25	2.72
26	3.51
27	3.51
28	2.94
29	4.33
30	2.37
;

end;
