data;

param broj_grana:=38;
param N:=30;
param L1:=0.021263;
param L2:=0.0053158;
param L:=47.03;

set FC:=
f1
;

set V:=
1
2
3
4
5
6
7
8
9
10
11
12
13
14
15
16
17
18
19
20
21
22
23
24
25
26
27
28
29
30
;

set F[f1]:=
1
2
3
4
5
6
7
8
9
10
11
12
13
14
15
16
17
18
19
20
21
22
23
24
25
26
27
28
29
30
;


set E:=
(30,1)
(6,7)
(12,13)
(18,19)
(24,25)
(10,20)
(17,29)
(3,15)
(1,2)
(1,3)
(2,3)
(2,4)
(2,5)
(3,4)
(3,5)
(4,5)
(4,6)
(5,6)
(7,8)
(7,9)
(8,9)
(8,10)
(8,11)
(9,10)
(9,11)
(10,11)
(10,12)
(11,12)
(13,14)
(13,15)
(14,15)
(14,16)
(14,17)
(15,16)
(15,17)
(16,17)
(16,18)
(17,18)
(19,20)
(19,21)
(20,21)
(20,22)
(20,23)
(21,22)
(21,23)
(22,23)
(22,24)
(23,24)
(25,26)
(25,27)
(26,27)
(26,28)
(26,29)
(27,28)
(27,29)
(28,29)
(28,30)
(29,30)
;

param b:=
[30,1]	0.98
[6,7]	0.83
[12,13]	0.99
[18,19]	0.89
[24,25]	0.86
[10,20]	0.99
[17,29]	0.75
[3,15]	0.83
[1,2]	0.93
[1,3]	0.92
[2,3]	0.51
[2,4]	0.67
[2,5]	0.69
[3,4]	0.77
[3,5]	0.6
[4,5]	0.72
[4,6]	0.81
[5,6]	0.73
[7,8]	0.46
[7,9]	0.61
[8,9]	0.73
[8,10]	0.98
[8,11]	0.61
[9,10]	0.9
[9,11]	0.87
[10,11]	1.0
[10,12]	0.77
[11,12]	0.97
[13,14]	0.74
[13,15]	0.81
[14,15]	0.92
[14,16]	0.93
[14,17]	0.88
[15,16]	0.84
[15,17]	0.89
[16,17]	0.78
[16,18]	0.53
[17,18]	0.91
[19,20]	0.76
[19,21]	0.74
[20,21]	0.93
[20,22]	0.67
[20,23]	0.91
[21,22]	0.97
[21,23]	0.9
[22,23]	0.88
[22,24]	0.67
[23,24]	0.6
[25,26]	0.92
[25,27]	0.84
[26,27]	0.72
[26,28]	0.92
[26,29]	0.93
[27,28]	0.87
[27,29]	0.62
[28,29]	0.93
[28,30]	0.83
[29,30]	0.82
;

param d:=
1	2.83
2	2.8
3	3.63
4	2.97
5	2.74
6	2.37
7	1.9
8	2.78
9	3.11
10	4.64
11	3.45
12	2.73
13	2.54
14	3.47
15	4.29
16	3.08
17	4.21
18	2.33
19	2.39
20	4.26
21	3.54
22	3.19
23	3.29
24	2.13
25	2.62
26	3.49
27	3.05
28	3.55
29	4.05
30	2.63
;

end;
