data;

param broj_grana:=38;
param N:=30;
param L1:=0.0284091;
param L2:=0.0071023;
param L:=35.2;

set FC:=
f1
;

set V:=
1
2
3
4
5
6
7
8
9
10
11
12
13
14
15
16
17
18
19
20
21
22
23
24
25
26
27
28
29
30
;

set F[f1]:=
1
2
3
4
5
6
7
8
9
10
11
12
13
14
15
16
17
18
19
20
21
22
23
24
25
26
27
28
29
30
;


set E:=
(30,1)
(6,7)
(12,13)
(18,19)
(24,25)
(10,20)
(17,29)
(3,15)
(1,2)
(1,3)
(2,3)
(2,4)
(2,5)
(3,4)
(3,5)
(4,5)
(4,6)
(5,6)
(7,8)
(7,9)
(8,9)
(8,10)
(8,11)
(9,10)
(9,11)
(10,11)
(10,12)
(11,12)
(13,14)
(13,15)
(14,15)
(14,16)
(14,17)
(15,16)
(15,17)
(16,17)
(16,18)
(17,18)
(19,20)
(19,21)
(20,21)
(20,22)
(20,23)
(21,22)
(21,23)
(22,23)
(22,24)
(23,24)
(25,26)
(25,27)
(26,27)
(26,28)
(26,29)
(27,28)
(27,29)
(28,29)
(28,30)
(29,30)
;

param b:=
[30,1]	0.25
[6,7]	0.75
[12,13]	0.42
[18,19]	0.54
[24,25]	0.56
[10,20]	0.21
[17,29]	0.72
[3,15]	0.76
[1,2]	0.49
[1,3]	0.76
[2,3]	0.96
[2,4]	0.81
[2,5]	0.8
[3,4]	0.56
[3,5]	0.6
[4,5]	0.64
[4,6]	0.39
[5,6]	0.83
[7,8]	0.7
[7,9]	0.65
[8,9]	0.51
[8,10]	0.85
[8,11]	0.71
[9,10]	0.52
[9,11]	0.48
[10,11]	0.59
[10,12]	0.74
[11,12]	0.55
[13,14]	0.65
[13,15]	0.52
[14,15]	0.59
[14,16]	0.58
[14,17]	0.63
[15,16]	0.45
[15,17]	0.53
[16,17]	0.51
[16,18]	0.75
[17,18]	0.47
[19,20]	0.72
[19,21]	0.57
[20,21]	0.61
[20,22]	0.72
[20,23]	0.81
[21,22]	0.6
[21,23]	0.44
[22,23]	0.56
[22,24]	0.54
[23,24]	0.63
[25,26]	0.56
[25,27]	0.31
[26,27]	0.78
[26,28]	0.82
[26,29]	0.3
[27,28]	0.8
[27,29]	0.49
[28,29]	0.59
[28,30]	0.69
[29,30]	0.63
;

param d:=
1	1.5
2	3.06
3	3.64
4	2.4
5	2.87
6	1.97
7	2.1
8	2.77
9	2.16
10	2.91
11	2.33
12	1.71
13	1.59
14	2.45
15	2.85
16	2.29
17	2.86
18	1.76
19	1.83
20	3.07
21	2.22
22	2.42
23	2.44
24	1.73
25	1.43
26	2.46
27	2.38
28	2.9
29	2.73
30	1.57
;

end;
