data;

param broj_grana:=38;
param N:=30;
param L1:=0.0271739;
param L2:=0.0067935;
param L:=36.8;

set FC:=
f1
;

set V:=
1
2
3
4
5
6
7
8
9
10
11
12
13
14
15
16
17
18
19
20
21
22
23
24
25
26
27
28
29
30
;

set F[f1]:=
1
2
3
4
5
6
7
8
9
10
11
12
13
14
15
16
17
18
19
20
21
22
23
24
25
26
27
28
29
30
;


set E:=
(30,1)
(6,7)
(12,13)
(18,19)
(24,25)
(10,20)
(17,29)
(3,15)
(1,2)
(1,3)
(2,3)
(2,4)
(2,5)
(3,4)
(3,5)
(4,5)
(4,6)
(5,6)
(7,8)
(7,9)
(8,9)
(8,10)
(8,11)
(9,10)
(9,11)
(10,11)
(10,12)
(11,12)
(13,14)
(13,15)
(14,15)
(14,16)
(14,17)
(15,16)
(15,17)
(16,17)
(16,18)
(17,18)
(19,20)
(19,21)
(20,21)
(20,22)
(20,23)
(21,22)
(21,23)
(22,23)
(22,24)
(23,24)
(25,26)
(25,27)
(26,27)
(26,28)
(26,29)
(27,28)
(27,29)
(28,29)
(28,30)
(29,30)
;

param b:=
[30,1]	0.93
[6,7]	0.41
[12,13]	0.78
[18,19]	0.77
[24,25]	0.78
[10,20]	0.92
[17,29]	0.35
[3,15]	0.74
[1,2]	0.52
[1,3]	0.57
[2,3]	0.38
[2,4]	0.65
[2,5]	0.53
[3,4]	0.68
[3,5]	0.58
[4,5]	0.52
[4,6]	0.64
[5,6]	0.44
[7,8]	0.34
[7,9]	0.53
[8,9]	0.58
[8,10]	0.57
[8,11]	0.58
[9,10]	0.81
[9,11]	0.85
[10,11]	0.69
[10,12]	0.51
[11,12]	0.91
[13,14]	0.47
[13,15]	0.69
[14,15]	0.84
[14,16]	0.52
[14,17]	0.81
[15,16]	0.8
[15,17]	0.65
[16,17]	0.6
[16,18]	0.41
[17,18]	0.87
[19,20]	0.41
[19,21]	0.43
[20,21]	0.55
[20,22]	0.47
[20,23]	0.58
[21,22]	0.89
[21,23]	0.79
[22,23]	0.65
[22,24]	0.46
[23,24]	0.56
[25,26]	0.87
[25,27]	0.74
[26,27]	0.55
[26,28]	0.64
[26,29]	0.89
[27,28]	0.67
[27,29]	0.54
[28,29]	0.76
[28,30]	0.36
[29,30]	0.77
;

param d:=
1	2.02
2	2.08
3	2.95
4	2.49
5	2.07
6	1.49
7	1.28
8	2.07
9	2.77
10	3.5
11	3.03
12	2.2
13	1.94
14	2.64
15	3.72
16	2.33
17	3.28
18	2.05
19	1.61
20	2.93
21	2.66
22	2.47
23	2.58
24	1.8
25	2.39
26	2.95
27	2.5
28	2.43
29	3.31
30	2.06
;

end;
